Epoch: 10, NDCG: 0.7722187856318228, HR: 0.8901639344262295, loss: 0.5814850330352783
Epoch: 20, NDCG: 0.7611423000679916, HR: 0.898360655737705, loss: 0.2908391058444977
