Epoch: 10, NDCG: 0.7648227715822237, HR: 0.8852459016393442, loss: 0.611884355545044
Epoch: 20, NDCG: 0.7581834856730179, HR: 0.8868852459016393, loss: 0.28851670026779175
