Epoch: 10, NDCG: 0.7665748199988921, HR: 0.8836065573770492, Loss: 0.6023505330085754
Epoch: 20, NDCG: 0.7660857562523765, HR: 0.8885245901639345, Loss: 0.28053632378578186
